camera_matrix:
- [505.2961294496166, 0.0, 271.9901275519052]
- [0.0, 522.7183485966713, 354.73200714278516]
- [0.0, 0.0, 1.0]
dist_coeff:
- [-0.08503424907896535, 0.4163658253293129, 0.018697152776631372, 0.02297351162193879,
  -0.3979026129327889]
